            x   y    width height
空白处      1000, 950
开始出征    1580, 985, 200, 50
开始战斗    1640, 980, 180, 45
点击继续    1645, 960, 200, 55
回港        1220, 680, 75, 45
前进        625, 680, 75, 45
撤退        1361, 979, 100, 45
血条        95, 638, 1318, 12
开始修理    1591, 9, 269, 61
选择舰船    1696, 59, 180, 45
全部入浴    1317, 162, 145, 38
单横阵      1710, 990, 130, 45

6-1标志     1415, 195, 275, 40
9-1标志     1460, 195, 185, 40

一号位      34, 304, 540, 130
五号位      34, 660, 540, 130
四号位      599, 482, 540, 130
二号位      599, 304, 540, 130
三号位      32, 482, 540, 130

        x-l, y-l, x-r, y-r
退出澡堂    50, 27, 150, 123
